9849 28329 62074 77584 1054 14572 1051 9874 14569 8731 28331 91324 44261 91624 91331 91036 3461 3479 85815 19543 19535 8647 8823 57013 52055 19632 75631 31032 43993 52056 44694 43989 55585 31014 65885 56028 56029 63224 7529 63221 63215
91712 91685 91687 69520 77301 91660 60525 26908 37598 37595 37599 63082 63083 60525 26907 63080 37609 37610 37611 78994
50564 50567 22241 50569 8743 43819 22293 50560 43852 43928 43105 43586 62702 15067 15074 23087 23086 85836 36590 90060 15092 46109 15094 64779 8759 8723 14888 25425 76497 84381 11994 40865 22541 6778 56429 8961 8679 59722 65621 50598 55491 52049 32582 32584 30711 30708 30721 59897 80706 32650 20456 59137 20399 20407 50756 8872 74444 16363 16367 16383 74731 3402 52896 76641 43740 72857 16417 69327 69326 69328 54182 16443 16426 17820 8767 72647 34033 34036 89330 34065 6443 26050 7334 49903 78880 49917 58221 49906 87425 58384 17801 17141 43406 17618 17308 17469 17921 17467 17041 17791 28081 17804 63463 57830
31132 39522 39525 34115 68909 48332 62119 71862 61971 71867 79192 9692 13821 13822 13818 13805 13801 13838 13840 13842 9799 30789 30138 51934 31226 31171 31229 14642 50227 14162 53008 8608 53004 56944 81328 43136 44042 44070 44045 51950 12254 56969 12256 14812 14737 57988 63590 11222 57215 58815 58812 80519 20109 77275 21768 68976 31264 43478 31265 68975
69326 69329 16418 72856 43739 76640 52897 3401 16369 16379 16384 16365 16364 74443 50760 50757 20408 20398 20405 20401 59138 20400 20461 20389 20519 20513 77797 20384
23089 23100 23108 21157 29229 21154 62700 36558 61694 36559 89929 89911 89915 89920 89921 78905 78497 43705 89800 21721 83043 29609 29578 29598 83038 86131 30153 79626 14861 86157 29283 74478 6159 6153 80313 29288 22578 80413 22578 80412 29286 29282 86155 14860 79627 30155 86132 36282 21723 89801 43707 78498 78983 79201 89916 77123 84958 44899 44893 29227 29222 29216 29211 29208 23101 69864 15072 69867
23087 23086 85836 36590 90060 15092 46108 77838 15091 15081 46097 46133 15084 80401 15096
89824 89828 89825 90765 90773 84597 82263 88463 83400 90762 90771 87077 87083 32376 33709 60018 56376 60365 33735 60033 84970 84964 84961 33772 33768 82483 73928 75556 59750 75580 45452 76032 76006 28175 75581 75595
80545 80526 68065 68053 80571 88598 65848 36597 34192 80513 80509 45898 67174 88604 69362 58601 81839 52161 81836 81829 45457 81857 21404 15449 56550 13248 53111 20217 19612 20221 45554 72317 64595 19592 19586 83607 72319 72327 70384 70385 64600 41783 52051 80444 1451 80460 80452 8757 49646 8691 64575 43938 8810 8702 8636 8691 64576 51977 43700 8793 51979 52006 52010
57020 31272 31278 57291 57304 57294 62577 62587 62570 62581 66887 66846 31232 70989 42665 42776 42663 42767 42655 42306 42343 66840 66875 42279
18125 18228 18229 64821 55075 53455 21576 59087 15235 78720 15212 67835 23239 23283
