16 24 32 53 148
16 24 39 53 142
16 24 34 53 143
16 24 42 52 143
16 24 51 52 149
16 24 39 53 147
16 24 50 53 143
16 24 41 53 146
16 24 38 52 146
16 24 39 52 150
16 24 51 52 143
16 24 31 53 145
16 24 44 53 149
16 24 40 53 147
16 24 34 52 144
16 24 32 52 150
16 24 43 52 149
16 24 45 52 149
17 24 50 53 142
17 24 45 53 148
17 24 34 53 146
17 24 39 53 149
17 24 46 53 147
17 24 39 52 149
17 24 44 52 149
17 24 45 52 148
18 24 44 52 150
18 24 38 53 150
18 24 32 52 145
18 24 33 52 150
18 24 48 53 150
18 24 48 52 148
18 24 34 52 144
18 24 46 52 145
18 24 50 53 151
18 24 51 53 144
19 24 51 53 147
19 24 49 52 146
19 24 35 52 144
19 24 36 52 143
19 24 37 52 144
19 24 33 53 144
19 24 37 53 145
20 24 45 52 144
20 24 38 52 145
20 24 50 52 148
20 24 33 53 144
20 24 45 53 149
21 24 36 52 143
21 24 38 52 142
21 24 43 53 143
21 24 48 52 149
21 24 34 53 149
21 24 40 53 145
21 24 44 52 146
21 24 44 53 147
21 24 42 53 147
21 24 34 52 148
21 24 33 52 143
21 24 49 52 143
22 24 50 53 144
22 24 34 53 148
22 24 46 53 150
22 24 44 53 148
22 24 41 52 148
22 24 37 53 143
22 24 50 53 147
22 24 44 52 149
22 24 35 53 147
22 24 40 52 147
22 24 38 53 149
22 24 46 53 147
22 24 40 52 143
23 24 34 53 144
23 24 43 53 144
23 24 36 52 142
23 24 37 52 146
23 24 39 53 145
23 24 40 52 145
23 24 34 53 147
23 24 39 53 145
23 24 34 52 150
23 24 39 52 146
23 24 51 52 150
23 24 45 53 145
23 24 50 53 150
23 24 32 52 148
23 24 36 52 146
23 24 36 53 149
23 24 31 53 148
23 24 50 53 150
23 24 35 52 149
23 24 47 52 145
23 24 35 53 142
23 24 47 52 146
23 24 31 52 145
23 24 40 51 150
23 24 36 52 147
23 24 46 52 143
23 24 40 54 149
23 24 39 53 147
23 24 49 53 149
23 24 49 53 148
23 24 33 53 150
23 24 32 52 148
23 24 51 53 145
23 24 33 53 149
23 24 33 53 149
23 24 32 53 149
23 24 42 53 148
23 24 46 53 142
23 24 41 52 142
23 24 40 52 142
0 25 51 53 146
0 25 37 52 149
0 25 47 53 148
0 25 42 53 150
0 25 40 52 148
0 25 33 52 148
0 25 39 53 146
0 25 32 53 147
0 25 36 52 144
0 25 40 53 147
0 25 49 52 143
0 25 41 53 150
0 25 44 53 144
0 25 38 53 143
0 25 42 52 145
0 25 42 53 147
0 25 41 52 145
0 25 49 53 143
0 25 40 53 143
0 25 32 53 148
0 25 45 52 149
0 25 49 53 148
0 25 43 51 147
0 25 48 52 145
0 25 38 53 144
0 25 35 52 143
0 25 32 53 147
0 25 51 53 149
0 25 31 53 145
0 25 35 53 150
0 25 43 52 142
0 25 47 53 142
0 25 48 53 146
0 25 32 53 144
0 25 51 53 150
0 25 41 52 144
0 25 32 52 142
0 25 37 53 143
0 25 49 53 143
0 25 47 53 149
0 25 42 53 149
0 25 31 53 143
0 25 34 52 144
0 25 44 52 146
0 25 31 53 148
0 25 49 52 149
0 25 45 52 142
0 25 37 53 142
0 25 38 53 147
0 25 45 53 145
0 25 32 53 150
0 25 36 53 143
0 25 46 52 147
0 25 48 52 148
0 25 31 52 144
0 25 44 52 147
0 25 36 52 145
0 25 48 52 146
0 25 36 53 149
0 25 36 53 144
0 25 37 52 148
0 25 48 52 146
0 25 36 52 146
0 25 48 52 149
0 25 46 53 148
0 25 39 53 149
1 25 51 52 142
1 25 33 52 145
1 25 32 53 144
1 25 48 52 144
1 25 50 52 143
1 25 33 52 148
1 25 41 53 149
1 25 43 52 150
1 25 37 52 150
1 25 37 53 145
1 25 43 51 144
1 25 46 51 144
1 25 45 53 148
1 25 37 52 150
1 25 48 53 149
1 25 37 53 150
1 25 34 53 150
1 25 32 52 150
1 25 34 53 143
1 25 33 53 150
1 25 32 52 144
1 25 43 53 150
1 25 48 52 144
1 25 34 52 145
1 25 45 52 143
1 25 32 53 147
1 25 35 52 146
1 25 37 52 147
1 25 37 52 145
1 25 49 51 142
1 25 35 52 145
1 25 41 52 145
1 25 36 52 143
1 25 46 52 144
1 25 34 53 148
1 25 36 52 146
1 25 32 52 147
1 25 38 53 143
1 25 40 53 148
1 25 35 53 142
1 25 37 52 148
1 25 47 52 144
1 25 37 53 143
1 25 40 52 150
1 25 46 53 147
1 25 41 52 143
1 25 33 53 144
1 25 38 53 145
1 25 51 51 144
1 25 45 52 143
1 25 44 52 143
1 25 51 52 150
1 25 34 52 143
1 25 37 53 144
1 25 38 53 149
1 25 48 52 150
1 25 51 52 150
1 25 37 52 145
1 25 33 52 145
1 25 37 52 147
1 25 33 52 148
1 25 46 52 146
1 25 35 52 149
1 25 40 53 145
1 25 35 52 149
1 25 49 52 144
1 25 46 52 145
1 25 33 52 146
1 25 49 52 144
1 25 35 52 145
1 25 35 53 149
1 25 33 53 150
1 25 34 53 144
2 25 39 52 147
2 25 51 53 146
2 25 42 52 144
2 25 43 52 145
2 25 48 52 145
2 25 37 52 148
2 25 41 52 150
2 25 36 52 149
2 25 49 53 144
2 25 40 53 142
2 25 45 52 147
2 25 47 53 147
2 25 50 53 144
2 25 31 52 149
2 25 34 53 145
2 25 42 52 148
2 25 50 52 146
2 25 50 52 146
2 25 43 52 142
2 25 45 52 146
2 25 48 52 147
2 25 34 53 150
2 25 44 52 150
2 25 38 52 142
2 25 44 52 148
2 25 34 52 148
2 25 32 52 146
2 25 41 52 146
2 25 39 52 145
2 25 31 52 150
2 25 32 53 144
2 25 47 53 149
2 25 49 51 146
2 25 35 53 149
2 25 48 52 144
2 25 37 53 150
2 25 31 53 148
2 25 46 52 143
2 25 34 52 149
2 25 48 53 143
2 25 43 52 144
2 25 51 52 142
2 25 43 52 146
2 25 32 52 148
2 25 36 53 144
2 25 44 53 149
2 25 36 53 147
2 25 37 52 142
2 25 36 52 145
2 25 37 53 146
2 25 39 53 145
3 25 34 53 142
3 25 45 53 148
3 25 38 53 146
3 25 42 52 142
3 25 34 53 142
3 25 35 52 148
3 25 38 52 144
3 25 31 53 142
3 25 43 52 142
3 25 50 52 149
3 25 45 53 144
3 25 43 52 147
3 25 51 52 142
3 25 36 53 143
3 25 40 53 145
3 25 42 53 148
3 25 50 52 142
3 25 49 52 149
3 25 38 52 147
3 25 39 53 143
3 25 42 53 143
3 25 38 52 149
3 25 35 52 150
3 25 42 52 145
3 25 43 53 147
3 25 42 53 145
3 25 35 52 142
3 25 49 53 148
3 25 43 52 147
3 25 33 52 147
3 25 49 52 147
3 25 33 53 145
3 25 31 53 149
3 25 33 52 150
3 25 34 53 144
3 25 49 53 146
3 25 42 52 150
3 25 47 53 146
3 25 47 52 146
3 25 49 52 144
3 25 42 52 143
3 25 42 52 147
3 25 45 53 144
3 25 51 52 149
3 25 50 52 143
3 25 49 52 147
3 25 47 52 147
3 25 48 52 149
3 25 42 53 150
3 25 51 52 144
3 25 45 53 146
3 25 39 53 143
3 25 47 52 150
3 25 45 52 150
3 25 35 52 147
3 25 47 53 147
3 25 33 53 145
3 25 34 52 147
3 25 45 52 145
3 25 50 52 149
3 25 46 52 148
3 25 48 52 146
3 25 46 52 147
3 25 33 52 148
3 25 47 52 150
4 25 49 52 146
4 25 50 52 142
4 25 34 53 149
4 25 34 51 147
4 25 51 52 147
4 25 34 52 144
4 25 37 53 150
4 25 32 52 148
4 25 43 52 145
4 25 32 52 145
4 25 41 53 150
4 25 48 52 148
4 25 32 52 142
4 25 39 52 145
4 25 41 52 148
4 25 37 52 150
4 25 47 52 144
4 25 32 53 143
4 25 51 53 150
4 25 34 52 148
4 25 37 53 148
4 25 44 53 150
4 25 46 52 147
4 25 45 52 147
4 25 39 52 147
4 25 38 53 150
4 25 49 53 143
4 25 42 52 146
4 25 32 52 150
4 25 46 52 147
4 25 40 53 142
4 25 36 53 146
4 25 42 52 149
4 25 37 52 142
4 25 36 53 146
4 25 42 52 150
4 25 35 52 145
4 25 32 52 150
4 25 46 52 147
4 25 39 52 144
4 25 49 52 148
4 25 38 52 144
4 25 41 52 145
4 25 36 52 149
4 25 42 52 148
4 25 33 52 142
4 25 39 52 143
4 25 42 53 148
4 25 49 53 147
4 25 46 53 147
5 25 35 53 146
5 25 41 52 149
5 25 35 52 144
5 25 36 52 145
5 25 50 52 144
5 25 44 53 150
5 25 36 52 145
5 25 33 51 143
5 25 45 53 142
5 25 48 52 145
5 25 45 52 148
5 25 33 53 149
5 25 32 53 145
5 25 46 51 149
5 25 34 52 144
5 25 32 53 149
5 25 36 52 150
5 25 43 52 143
5 25 47 52 142
5 25 48 53 150
5 25 46 53 149
5 25 36 52 147
5 25 45 52 146
5 25 43 52 149
5 25 31 52 147
5 25 35 52 150
5 25 49 53 143
5 25 46 53 148
5 25 35 52 144
5 25 49 52 150
5 25 37 53 147
5 25 35 52 150
5 25 48 52 142
5 25 42 53 148
5 25 31 53 146
5 25 34 53 149
5 25 45 52 149
5 25 37 53 145
5 25 31 52 146
5 25 49 53 143
5 25 51 53 147
5 25 38 53 147
5 25 50 52 143
5 25 38 52 146
5 25 43 52 143
5 25 35 52 146
5 25 42 52 146
5 25 40 53 147
5 25 34 53 144
5 25 32 52 147
5 25 34 52 149
5 25 35 52 147
5 25 44 52 145
5 25 51 53 143
5 25 48 53 145
5 25 34 53 143
6 25 37 53 149
6 25 40 53 143
6 25 32 52 143
6 25 36 53 144
6 25 42 53 143
6 25 46 53 147
6 25 43 52 143
6 25 44 52 148
6 25 37 52 143
6 25 42 52 142
6 25 45 52 144
6 25 40 52 147
6 25 42 52 145
6 25 37 52 143
6 25 31 53 147
6 25 46 53 150
6 25 37 53 145
6 25 50 52 149
6 25 47 53 147
6 25 50 52 142
6 25 46 52 143
6 25 35 52 148
6 25 40 53 150
6 25 34 52 145
6 25 45 53 144
6 25 36 53 142
6 25 36 53 150
6 25 42 53 144
6 25 43 53 143
6 25 39 53 144
6 25 37 52 149
6 25 47 53 149
6 25 47 53 144
6 25 48 53 143
6 25 35 51 149
6 25 36 52 143
6 25 37 51 149
6 25 35 53 144
6 25 38 52 149
6 25 31 52 143
6 25 41 52 143
6 25 42 52 150
6 25 49 52 143
6 25 33 52 149
6 25 39 52 144
6 25 37 53 146
6 25 31 53 149
6 25 40 52 143
6 25 43 52 148
6 25 51 52 149
6 25 32 53 146
6 25 39 52 142
6 25 38 52 143
6 25 34 52 146
6 25 42 52 144
6 25 44 52 145
6 25 48 52 144
6 25 51 53 149
6 25 39 53 146
6 25 35 53 142
6 25 48 53 143
6 25 31 53 146
6 25 51 52 146
6 25 45 52 145
6 25 50 52 144
6 25 48 52 146
6 25 31 52 150
7 25 47 53 147
7 25 31 52 150
7 25 42 52 148
7 25 45 52 145
7 25 37 52 148
7 25 38 53 144
7 25 34 53 147
7 25 34 52 150
7 25 50 53 142
7 25 50 53 149
7 25 33 52 142
7 25 50 53 148
7 25 33 52 145
7 25 33 52 150
7 25 49 52 149
7 25 42 53 148
7 25 40 52 149
7 25 48 52 150
7 25 37 53 150
7 25 42 52 143
7 25 32 52 149
7 25 46 53 143
7 25 38 53 148
7 25 36 53 143
7 25 43 52 143
7 25 45 53 148
7 25 42 52 146
7 25 42 53 147
7 25 32 52 144
7 25 47 53 146
7 25 31 52 142
7 25 38 52 143
7 25 41 53 149
7 25 48 52 148
7 25 51 52 142
7 25 39 52 147
7 25 39 52 142
7 25 38 53 146
7 25 47 52 142
7 25 46 53 145
7 25 41 52 149
7 25 50 52 146
7 25 31 52 147
7 25 38 53 149
7 25 45 52 146
7 25 45 53 148
7 25 40 52 149
7 25 46 52 150
7 25 44 52 146
7 25 49 52 145
7 25 37 52 150
7 25 39 53 147
7 25 46 52 146
7 25 51 52 145
7 25 45 52 144
7 25 51 52 144
7 25 42 52 147
7 25 38 52 147
8 25 47 52 147
8 25 31 53 147
8 25 37 52 146
8 25 41 53 148
8 25 48 52 149
8 25 49 52 142
8 25 45 52 147
8 25 35 52 150
8 25 46 53 145
8 25 46 52 147
8 25 41 53 144
8 25 37 51 149
8 25 32 52 148
8 25 32 52 147
8 25 32 53 145
8 25 43 52 145
8 25 33 52 147
8 25 41 53 144
8 25 51 52 145
8 25 32 53 147
8 25 32 52 147
8 25 32 52 143
8 25 51 52 143
8 25 36 52 150
8 25 40 53 143
8 25 44 53 146
8 25 51 51 143
8 25 45 53 144
8 25 38 52 144
8 25 33 52 147
8 25 38 53 144
8 25 39 52 146
8 25 36 52 145
8 25 41 52 144
8 25 51 52 150
8 25 44 52 145
8 25 36 52 149
8 25 40 53 142
8 25 40 52 144
8 25 50 52 143
8 25 36 52 142
8 25 34 52 145
8 25 49 52 148
8 25 43 52 144
8 25 32 53 143
8 25 40 52 150
8 25 44 53 145
8 25 48 53 144
9 25 35 52 144
9 25 34 53 146
9 25 50 52 143
9 25 35 52 142
9 25 43 53 148
9 25 42 52 147
9 25 37 53 148
9 25 46 52 143
9 25 48 52 143
9 25 51 53 143
9 25 49 52 145
9 25 37 51 143
9 25 42 53 145
9 25 50 53 146
9 25 43 53 142
9 25 45 52 149
9 25 47 52 147
9 25 48 53 149
9 25 40 52 147
9 25 49 53 147
9 25 32 52 150
9 25 51 52 149
9 25 31 53 150
9 25 50 52 148
9 25 32 53 144
9 25 44 52 149
9 25 41 52 146
9 25 37 52 150
9 25 49 53 144
9 25 46 52 144
9 25 48 52 142
9 25 38 52 149
9 25 41 52 143
9 25 36 53 147
9 25 40 52 147
9 25 35 53 149
9 25 31 52 142
9 25 34 52 147
9 25 38 52 143
9 25 49 52 146
9 25 50 52 147
9 25 35 52 146
9 25 50 53 149
9 25 44 52 148
9 25 40 53 145
9 25 34 52 149
9 25 33 52 144
9 25 48 53 146
9 25 43 53 143
9 25 43 52 143
9 25 47 52 148
9 25 33 52 147
9 25 47 52 143
9 25 49 52 142
9 25 51 52 147
9 25 38 52 145
9 25 47 52 148
9 25 31 52 147
9 25 41 52 143
9 25 40 52 145
10 25 46 52 143
10 25 51 53 144
10 25 34 53 146
10 25 49 52 142
10 25 43 52 149
10 25 44 53 142
10 25 36 52 143
10 25 35 52 145
10 25 37 53 145
10 25 34 52 150
10 25 50 52 145
10 25 44 52 148
10 25 47 53 143
10 25 43 52 146
10 25 50 53 145
10 25 31 52 147
10 25 44 53 149
10 25 47 52 150
10 25 49 53 149
10 25 40 53 150
10 25 40 53 143
10 25 49 53 146
10 25 49 53 149
10 25 38 53 145
10 25 45 53 142
10 25 41 53 145
10 25 44 52 150
10 25 33 52 149
10 25 32 53 145
10 25 47 53 144
10 25 50 53 144
10 25 48 53 144
10 25 50 52 143
10 25 46 52 149
10 25 38 53 144
10 25 40 53 145
10 25 48 52 143
10 25 50 53 146
10 25 51 52 145
10 25 38 52 149
10 25 36 52 145
10 25 40 52 147
10 25 45 52 146
10 25 48 52 150
10 25 33 53 146
10 25 33 52 147
10 25 48 52 148
10 25 36 53 146
10 25 50 52 142
10 25 41 52 143
10 25 49 53 147
10 25 46 53 146
10 25 44 52 146
10 25 34 52 143
10 25 45 53 149
11 25 45 52 150
11 25 40 52 144
11 25 34 52 144
11 25 51 53 145
11 25 48 52 144
11 25 47 52 150
11 25 51 53 144
11 25 45 52 142
11 25 46 52 148
11 25 45 52 143
11 25 43 52 143
11 25 49 52 143
11 25 34 52 145
11 25 42 52 146
11 25 36 53 147
11 25 42 52 145
11 25 51 52 146
11 25 32 52 149
11 25 48 52 143
11 25 32 53 148
11 25 38 52 150
11 25 49 52 146
11 25 33 53 146
11 25 38 52 143
11 25 43 52 142
11 25 43 52 145
11 25 50 52 147
11 25 38 52 146
11 25 36 52 146
11 25 50 53 147
11 25 39 53 147
11 25 40 52 147
11 25 41 52 145
11 25 42 51 143
11 25 51 53 145
11 25 50 52 147
11 25 35 52 146
11 25 51 53 149
11 25 45 52 148
11 25 40 52 143
11 25 39 52 146
11 25 31 52 142
11 25 48 53 143
11 25 47 52 148
11 25 32 52 144
11 25 39 52 143
11 25 39 52 150
11 25 41 52 143
11 25 43 52 144
11 25 48 52 147
11 25 48 52 147
11 25 50 52 150
11 25 51 52 147
11 25 41 53 143
11 25 48 53 142
11 25 45 52 143
11 25 41 52 143
11 25 47 52 146
11 25 46 53 149
11 25 44 52 148
11 25 42 52 143
11 25 38 52 146
11 25 44 52 143
11 25 34 53 150
11 25 39 53 145
11 25 39 52 154
11 25 39 52 147
11 25 45 53 143
12 25 33 52 145
12 25 50 52 150
12 25 31 52 144
12 25 48 53 145
12 25 34 52 150
12 25 50 52 144
12 25 51 53 149
12 25 38 52 145
12 25 37 52 146
12 25 44 53 146
12 25 41 52 142
12 25 49 52 147
12 25 38 52 142
12 25 32 53 148
12 25 50 53 149
12 25 44 52 143
12 25 42 52 149
12 25 49 53 146
12 25 33 53 143
12 25 42 53 149
12 25 31 53 146
12 25 40 53 144
12 25 48 52 144
12 25 38 52 144
12 25 33 53 148
12 25 50 53 150
12 25 46 53 150
12 25 31 52 142
12 25 35 52 146
12 25 44 53 142
12 25 46 52 148
12 25 35 53 146
12 25 35 52 146
12 25 38 52 146
12 25 34 52 150
12 25 47 52 148
12 25 42 53 147
12 25 41 52 150
12 25 45 52 143
12 25 35 52 148
12 25 39 52 147
12 25 37 52 148
12 25 34 52 144
12 25 42 52 148
12 25 36 52 147
12 25 42 52 146
12 25 48 52 150
12 25 39 52 150
12 25 42 52 143
12 25 40 53 150
12 25 50 53 147
12 25 44 53 147
12 25 46 53 147
12 25 33 52 144
12 25 46 52 143
12 25 43 53 142
12 25 40 52 142
12 25 37 52 148
12 25 35 53 144
12 25 40 53 150
12 25 40 52 150
12 25 32 52 150
13 25 50 52 149
13 25 38 52 148
13 25 32 52 146
13 25 48 52 147
13 25 42 53 145
13 25 51 53 143
13 25 49 52 146
13 25 34 52 146
13 25 38 53 143
13 25 50 52 145
13 25 50 53 143
13 25 32 53 142
13 25 32 52 149
13 25 47 53 150
13 25 47 52 142
13 25 43 52 147
13 25 40 53 149
13 25 48 52 149
13 25 40 53 146
13 25 32 53 143
13 25 37 52 143
13 25 32 52 150
13 25 41 52 148
13 25 31 52 143
13 25 31 53 150
13 25 49 52 148
13 25 50 52 147
13 25 32 53 148
13 25 36 53 144
13 25 43 52 144
13 25 47 52 143
13 25 44 53 143
13 25 31 53 149
13 25 32 53 145
13 25 45 52 145
13 25 38 52 150
13 25 41 53 148
13 25 42 53 143
13 25 44 53 146
13 25 31 53 147
13 25 36 53 144
13 25 39 53 150
13 25 44 52 146
13 25 37 52 144
13 25 45 52 145
13 25 48 53 146
13 25 40 52 144
13 25 48 53 143
13 25 45 53 149
13 25 51 53 147
13 25 31 53 144
13 25 31 53 142
13 25 40 53 142
14 25 38 52 149
14 25 39 53 147
14 25 48 52 145
14 25 37 52 142
14 25 43 52 150
14 25 41 52 142
14 25 42 52 150
14 25 47 53 143
14 25 45 52 150
14 25 40 53 145
14 25 40 52 146
14 25 50 53 147
14 25 37 52 148
14 25 38 53 149
14 25 35 53 144
14 25 35 52 150
14 25 39 53 144
14 25 42 52 149
14 25 36 52 143
14 25 39 53 149
14 25 31 52 146
14 25 38 52 144
14 25 45 52 149
14 25 34 52 150
14 25 47 52 146
14 25 50 52 143
14 25 41 52 145
14 25 41 52 144
14 25 35 52 145
14 25 39 52 149
14 25 46 52 147
14 25 34 52 145
14 25 31 53 144
14 25 38 53 144
14 25 51 52 149
14 25 48 52 147
14 25 38 53 150
14 25 44 53 144
14 25 43 53 148
14 25 48 53 149
14 25 48 53 145
14 25 47 52 149
14 25 32 52 144
14 25 43 53 143
14 25 36 53 143
14 25 40 52 146
14 25 45 52 146
14 25 35 52 147
15 25 38 52 150
15 25 44 52 145
15 25 35 52 145
15 25 45 52 150
15 25 35 53 148
15 25 40 53 144
15 25 32 53 146
15 25 33 52 143
15 25 51 53 150
15 25 51 52 146
15 25 39 52 150
15 25 37 52 142
15 25 42 52 143
15 25 50 52 147
15 25 41 52 149
15 25 31 53 150
15 25 49 53 143
15 25 31 52 150
15 25 31 53 145
15 25 38 53 150
15 25 34 53 143
15 25 44 53 150
15 25 42 52 144
15 25 42 52 144
15 25 33 52 144
15 25 45 52 146
15 25 47 52 142
15 25 48 53 148
15 25 43 52 148
15 25 51 52 149
15 25 41 52 143
